$ANSIBLE_VAULT;1.1;AES256
32353437666234363837376333356534663336633839653034323463366237323433383138643034
6631656266366536643832613266663965386331633164330a663036663432333461613630643838
37626461333731663030363564323965373937326137353565613338313433643262623434653465
6464303761636237390a633136653933363235303734303666333338626435323938626664343039
63333636386438633138363331363838303961653962376432616637336664663965656336653031
65306337623032373435346432666365643761313262643230313962383461666164616461613730
62663431363734633564306361663136363937313731633934333037326539363564396538336331
34653837313762613661656666333663313735666631663363666564336562303063333165653964
33336462396538363065643766663630666136396533643062323230623736663439373834663630
65313661323266306232393239346639626261343736303731336561633561393361336439306164
38333764303763326461656535343036313962346565636361376638363764393230343761336632
30643031353761333666626362616339633166636231366432633231306636383135633463323161
62613163643234663635316563343137323564376162666639383530323135323135636463616133
3734643731666162386533646339646639656166303434336531