$ANSIBLE_VAULT;1.1;AES256
37343465346333303336323639323034333833313865653332373464326633376432353736636631
3265376631396333306333396463346661613235316335350a353434613262643165626263653431
37663466623430386163383335363238313834346536636339316565373730653565356434613733
6334316336393465350a653739303933353637343339383762396530346361663936633437336363
33353038303265323537303036356633373961323266346464323564663665313937653462336432
35343935653732366462396164376662636131626238663564393863323034336331613238306532
61373561313535623262386230316562393638636231396637386362356265316432333437346533
36346464353233323839396436653637326230333038643863333761323232626530303436306433
36366630663637646263353763333364356631333965386539323039396534636362383530313231
64323234323731613430356239653866393935306236353336666363326438303937343433323438
30333462643136366634636434303238326664363033336461613661633666646436653639373464
62313966636137313333336132353933643665663631633833386364326238323638343962633162
33666136633663663938373765333031623165386134353636393635303036346164653739343863
6633366630376134386164383936363630303066633164323937
